00100 00001 00100 00111 10110 10010 10000 10001 00011 01110 01100 01111 00111 00111
01110 01010 01010 00001 01101 00010 00111 01100 00101 10110 00011 01010 01100 00011
10010 00100 01100 11111 01100 01100 00000 01011 01110 11111 01010 00110 10010 01110
01111 10101 10100 01011 10001 11000 10101 10111 10111 00101 00101 11111 00011 10000
00111 01111 10000 00011 11000 10001 00110 00111 10010 00000 10000 10000 10000 01101
01100 01010 01010 01110 01101 10100 00111 10010 00110 01100 01011 00000 01110 00101
10111 11111 01101 01000 10101 01111 01010 00011 01101 00011 10100 01111 10000 10000
00000 01100 01101 01100 00110 10101 00011 10000 01100 10100 01100 10000 00011 11111
11111 00101 01110 01000 01110 01001 01001 11111 10010 01010 00111 10001 10010 01011
10010 10011 01110 01010 00011 10001 01101 00000 01101 01001 00111 01111 00011 01011
01010 11111 10011 01010 10101 10110 01110 01010 01010 10000 01110 00110 00010 00111
10111 00101 01111 00100 00010 01010 00110 00011 00010 01101 00001 10000 10111 01100
00010 00011 00111 10001 10010 11111 10010 00011 01011 00011 01100 10010 11111 00101
01010 01101 00001 01101 01100 00010 00111 10010 00111 01101 01100 11111 01010 00101


011101011110010001100110101100
0000101010111111000110001
01010001111000110010
0011110010000111000011111000000101000011
1001010011011100101000011
100011001011111100100001101011000110110010010
0000101101011000001000111100100011101101011001111101010
1010100110001110101000011
01010011010110101110
000010110100010001110110000101
0101011111011000010110011111110010100011
0111010000011010010110000111110101101011001110110000101
0011101100100100001110000011101000000011100100001100010